100
3 1 5 15 13 11
3 0 8 23 22 21
2 0 4 8 16
2 1 3 0 5
2 2 1 26 28
1 0 7 18
3 0 7 18 25 5
1 0 0 18
1 1 9 13
1 1 0 22
2 1 7 17 18
2 0 2 18 2
1 0 3 6
3 0 6 15 11 14
2 0 10 13 10
1 0 4 8
1 1 2 4
2 1 4 0 3
1 0 1 18
3 0 0 30 30 30
3 0 0 20 4 25
3 1 7 18 17 18
2 0 1 30 26
3 0 5 24 23 8
1 0 4 2
1 0 6 15
3 1 1 24 9 18
1 0 3 27
1 0 2 26
3 0 8 20 21 20
2 0 7 0 12
3 0 8 20 10 15
1 0 2 3
2 0 0 8 6
1 1 6 7
3 2 5 12 11 11
2 0 4 19 9
3 0 5 12 12 12
2 1 1 14 0
1 0 8 20
2 0 0 5 13
3 0 10 30 30 30
3 3 9 19 9 28
2 0 8 21 26
1 0 3 5
2 0 9 24 23
1 0 1 20
1 1 10 22
3 3 3 17 24 24
1 1 8 5
2 0 4 9 12
2 1 4 9 8
2 0 3 25 7
1 0 10 20
3 1 4 19 6 7
3 1 9 23 24 23
2 2 8 20 7
3 0 9 5 7 13
1 1 6 18
2 0 9 13 24
3 3 1 25 5 17
3 0 6 6 14 15
1 0 2 8
2 0 7 9 13
2 1 3 22 29
2 1 7 17 17
2 2 2 25 13
1 1 6 27
1 1 9 24
1 0 3 14
1 1 1 6
1 0 8 21
3 0 3 26 5 15
1 0 5 11
1 0 10 26
2 1 4 23 21
2 1 2 29 13
2 2 7 14 17
1 1 10 7
2 0 0 0 0
2 0 2 3 3
2 0 9 23 11
1 0 6 4
2 2 9 14 3
2 0 4 9 8
3 0 2 27 0 17
3 0 3 23 12 8
1 0 4 17
1 0 1 0
1 1 7 20
1 0 5 15
1 1 9 23
3 3 5 28 12 23
2 0 9 5 8
3 0 10 26 10 26
2 0 10 9 9
3 3 7 13 25 21
1 1 2 4
1 1 3 12
3 1 3 6 6 3
