134
3 50 46
50 2 47
3 1 1
50 1 1
10 10 82
50 2 42
50 1 3
50 1 0
3 3 0
50 50 48
50 2 46
50 50 2492
3 3 3
4 4 1
50 50 2452
50 3 43
50 3 3
50 50 2400
50 2 49
3 3 1
4 4 7
2 50 47
50 2 45
50 50 2402
3 50 44
3 50 4
3 3 4
4 4 12
3 50 49
50 50 2490
50 50 52
4 4 4
50 50 251
4 4 14
2 50 2
50 3 45
3 50 2
3 50 3
50 2 3
3 50 47
50 2 43
2 50 42
50 3 47
50 50 2401
50 50 50
50 1 49
50 50 250
50 50 248
50 50 2498
50 3 42
2 50 49
2 50 45
3 3 5
1 50 2
2 50 46
2 50 1
50 50 2494
3 50 0
4 4 6
50 50 249
50 3 0
50 50 2493
50 50 2495
50 3 2
2 2 1
50 2 5
4 4 0
50 50 51
1 50 47
50 2 44
4 4 8
50 50 2448
50 3 5
50 50 2
4 4 15
1 50 49
50 50 252
50 50 1
4 7 3
3 50 43
2 50 44
50 2 0
50 50 2499
50 3 1
50 50 0
2 50 43
50 1 47
50 3 4
50 50 49
3 50 1
50 50 2497
50 3 49
3 3 8
3 50 42
50 50 3
50 50 2496
1 50 48
3 50 48
3 3 7
50 2 4
50 2 2
2 50 5
2 50 48
2 50 3
50 50 2398
50 2 1
50 3 44
50 50 2399
1 50 1
4 4 9
50 50 2491
2 50 0
2 50 4
50 3 48
3 3 6
4 4 3
4 4 11
50 50 2449
1 50 0
50 50 2451
50 3 46
3 3 2
4 4 13
4 4 5
4 4 2
3 50 5
50 50 2450
4 4 10
50 1 48
5 5 23
50 2 48
3 50 45
50 1 2
1 50 3
