50
10
0.71 0.46 0.91 0.05 0.07 0.20 0.37 0.01 0.41 0.89
0.03 0.66 0.97 0.93 0.96 0.80 0.55 0.64 0.29 0.51
1
0.6
0.1
10
0.57 0.83 0.91 0.87 0.65 0.70 0.61 0.74 0.52 0.96
0.13 0.39 0.48 0.04 0.35 0.26 0.17 0.30 0.09 0.22
10
0.31 0.14 0.11 0.33 0.12 0.03 0.36 0.17 0.02 0.09
0.91 0.70 0.42 0.66 0.64 0.84 0.44 0.75 0.52 0.45
2
0.67 0.52
0.57 0.86
1
0.67
0.50
7
0.14 0.64 0.54 0.29 0.61 0.68 0.50
0.86 0.71 0.39 0.46 0.57 0.11 0.43
1
0.4
0.2
2
0.60 0.80
0.20 0.55
10
0.966 0.882 0.445 0.849 0.496 0.311 0.580 0.059 0.723 0.403
0.227 0.706 0.874 0.672 0.630 0.958 0.521 0.479 0.739 0.101
1
0.7
0.3
6
0.95 0.58 0.74 0.63 0.32 0.16
0.11 0.79 0.42 0.47 0.84 0.05
7
0.59 0.94 0.90 0.96 0.49 0.99 0.61
0.25 0.36 0.26 0.28 0.06 0.45 0.29
9
0.69 0.50 0.06 0.15 0.54 0.19 0.48 0.62 0.23
0.40 0.02 0.73 0.67 0.81 0.12 0.96 0.33 0.77
10
0.69 0.01 0.21 0.27 0.41 0.79 0.10 0.91 0.50 0.84
0.74 0.43 0.57 0.77 0.81 0.26 0.97 0.71 0.06 0.46
10
0.362 0.895 0.924 0.029 0.933 0.457 0.714 0.781 0.467 0.867
0.162 0.600 0.571 0.752 0.819 0.619 0.800 0.133 0.857 0.971
10
0.688 0.413 0.633 0.404 0.514 0.606 0.734 0.890 0.670 0.991
0.092 0.211 0.284 0.349 0.101 0.037 0.257 0.028 0.064 0.229
5
0.15 0.12 0.24 0.32 0.18
0.44 0.56 0.68 0.97 0.50
3
0.9 0.1 0.4
0.5 0.6 0.2
10
0.648 0.009 0.176 0.787 0.731 0.685 0.306 0.157 0.926 0.222
0.093 0.639 0.241 0.167 0.843 0.759 0.046 0.028 0.611 0.130
8
0.03 0.80 0.98 0.64 0.02 0.45 0.62 0.22
0.84 0.69 0.88 0.09 0.83 0.39 0.06 0.89
10
0.03 0.78 0.84 0.07 0.68 0.08 0.06 0.20 0.79 0.40
0.49 0.23 0.22 0.80 0.66 0.57 0.71 0.01 0.33 0.38
2
0.92 0.77
0.38 0.23
10
0.18 0.09 0.45 0.07 0.50 0.59 0.73 0.57 0.61 0.39
0.25 0.52 0.11 0.84 0.91 0.77 0.36 0.68 0.14 0.70
10
0.73 0.72 0.64 0.04 0.92 0.47 0.69 0.95 0.08 0.23
0.29 0.87 0.76 0.42 0.13 0.55 0.40 0.90 0.91 0.24
10
0.11 0.17 0.70 0.14 0.99 0.10 0.07 0.48 0.37 0.62
0.97 0.33 0.84 0.77 0.40 0.26 0.01 0.68 0.63 0.32
10
0.137 0.275 0.314 0.569 0.333 0.167 0.775 0.216 0.069 0.784
0.186 0.598 0.029 0.882 0.451 0.108 0.794 0.176 0.353 0.373
9
0.89 0.07 0.93 0.64 0.46 0.71 0.36 0.96 0.82
0.25 0.32 0.86 0.75 0.29 0.61 0.54 0.18 0.11
10
0.31 0.42 0.17 0.14 0.10 0.88 0.94 0.63 0.81 0.04
0.60 0.05 0.67 0.93 0.35 0.36 0.22 0.21 0.12 0.72
10
0.37 0.75 0.87 0.45 0.02 0.93 0.85 0.70 0.08 0.10
0.52 0.92 0.25 0.72 0.67 0.47 0.65 0.80 0.32 0.73
2
0.55 0.18
0.82 0.73
2
0.8 0.4
0.5 0.6
10
0.76 0.61 0.45 0.52 0.64 0.85 0.48 0.70 0.88 0.97
0.30 0.12 0.21 0.03 0.18 0.27 0.06 0.33 0.24 0.09
5
0.21 0.53 0.76 0.91 0.35
0.56 0.47 0.85 0.82 0.71
1
0.5
0.3
10
0.08 0.25 0.46 0.29 0.96 0.83 0.42 0.12 0.58 0.71
0.79 0.62 0.21 0.75 0.54 0.87 0.04 0.50 0.17 0.67
10
0.78 0.57 0.41 0.44 0.46 0.89 0.93 0.70 0.87 0.54
0.22 0.20 0.33 0.26 0.17 0.31 0.07 0.37 0.30 0.28
8
0.56 0.60 0.45 0.67 0.62 0.88 0.87 0.81
0.40 0.26 0.34 0.17 0.37 0.44 0.39 0.02
3
0.85 0.15 0.25
0.20 0.75 0.30
10
0.788 0.517 0.314 0.771 0.941 0.797 0.280 0.441 0.331 0.568
0.805 0.737 0.483 0.271 0.186 0.907 0.949 0.008 0.127 0.492
10
0.60 0.65 0.92 0.50 0.52 0.15 0.67 0.95 0.45 0.42
0.72 0.12 0.58 0.38 0.70 0.43 0.80 0.77 0.32 0.57
10
0.80 0.66 0.92 0.31 0.63 0.17 0.91 0.81 0.96 0.49
0.50 0.94 0.03 0.34 0.21 0.47 0.46 0.37 0.57 0.88
10
0.46 0.42 0.34 0.17 0.13 0.06 0.24 0.41 0.15 0.23
0.73 0.80 0.52 0.87 0.69 0.68 0.83 0.55 0.92 0.96
10
0.73 0.65 0.75 0.70 0.58 0.98 0.90 0.68 0.93 0.88
0.55 0.27 0.50 0.08 0.40 0.20 0.35 0.30 0.15 0.25
5
0.69 0.90 0.51 0.73 0.08
0.10 0.86 0.12 0.57 0.71
10
0.381 0.195 0.965 0.850 0.611 0.301 0.841 0.372 0.929 0.956
0.142 0.681 0.018 0.531 0.009 0.186 0.106 0.425 0.363 0.451
1
0.4
0.2
10
0.55 0.45 0.61 0.33 0.64 0.12 0.70 0.76 0.09 0.42
0.82 0.30 0.58 0.48 0.24 0.67 0.15 0.94 0.97 0.18
3
0.52 0.67 0.89
0.15 0.04 0.26
10
0.31 0.82 0.03 0.23 0.24 0.32 0.59 0.76 0.18 0.17
0.93 0.41 0.30 0.11 0.55 0.92 0.06 0.68 0.85 0.15
