20
18 4
28 50 46 28 25 11 3 1 24 31 2 13 3 43 34 38 46 48 
19 8
1 41 37 15 44 19 50 25 12 39 37 35 20 21 11 43 42 13 29 
2 1
2 2
20 1
50 50 50 50 50 50 50 50 50 50 50 50 50 50 50 50 50 50 50 50 
18 4
37 23 15 44 9 3 47 15 29 50 40 16 14 34 45 28 45 40 
18 10
0 1 2 24 21 47 27 46 44 19 17 11 18 0 5 30 1 41 
19 3
43 38 44 43 4 16 1 3 43 37 46 8 45 4 48 19 0 9 4 
3 3
5 18 49
17 3
13 20 11 24 36 36 27 7 31 2 13 21 16 7 7 6 15 
19 4
3 22 50 29 18 42 36 32 3 44 32 44 19 42 7 50 12 19 36 
20 1
1 1 1 1 1 1 1 1 1 1 1 1 1 1 1 1 1 1 1 1
4 2
0 0 1 2
18 10
4 14 24 35 2 11 36 45 29 20 28 44 27 47 19 46 32 23 
20 1
0 0 0 0 0 0 0 0 0 0 0 0 0 0 0 0 0 0 0 2 
18 14
7 34 37 50 50 6 18 39 27 8 5 16 8 9 0 25 7 10 
20 1
0 0 0 0 0 0 0 0 0 0 0 0 0 0 0 0 0 0 0 0 
19 3
3 22 50 41 34 10 33 49 43 35 17 23 10 27 30 23 6 17 7 
19 19
23 39 19 25 43 8 35 49 21 38 15 25 21 14 21 23 39 27 34 
10 11
1 2 3 4 5 6 7 8 9 10 
18 10
24 45 1 4 10 30 50 37 23 49 8 6 31 15 13 31 36 44 
