20
2 5
0.600000 0.600000
1 20
1.000000
3 4
1.000000 0.900000 0.100000
3 10
0.909405 0.025436 0.883964
2 7
0.025016 0.945600
3 5
0.058682 0.542986 0.867115
1 4
1.000000
3 10
0.027958 0.838362 0.032113
3 42
0.000008 0.000008 0.000010
3 10
0.891022 0.944212 0.191049
1 3
0.000006
2 60
0.741361 0.005797
2 4
0.000001 0.000009
2 7
0.912699 0.034496
3 17
0.848688 0.682453 0.228327
3 42
0.999998 0.999998 0.999998
2 3
0.999998 0.999998
2 5
0.608856 0.388242
3 100
0.602782 0.008750 0.842791
3 4
0.999999 1.000000 0.585491
