100
2
0 1
0 2
3
2 2
0 0
4 4
1
1 1
5
0 5
0 1
1 1
4 7
5 6
7
7 12
2 11
0 7
2 8
4 7
2 10
1 13
3
0 1
2 5
1 5
1
0 0
5
5 8
0 1
1 2
4 8
4 9
4
1 3
2 5
6 6
0 4
10
3 3
0 19
3 10
16 16
10 12
1 14
8 10
6 10
1 16
3 6
7
0 2
0 6
0 7
0 13
0 7
0 7
0 1
6
6 7
0 1
1 4
3 6
7 8
3 10
5
82 544
716 1802
17 990
13 30
1443 1873
4
0 3
0 1
0 2
0 7
1
651 1915
10
2001 2001
2001 2001
2001 2001
2001 2001
2001 2001
2001 2001
2001 2001
2001 2001
2001 2001
2001 2001
7
34 74
222 224
137 913
216 1137
121 271
95 1964
300 766
7
6 12
2 4
1 2
1 4
6 13
4 4
8 9
10
3 8
2 19
10 10
8 18
1 5
12 15
0 5
11 14
5 10
4 12
6
2 7
0 6
7 10
0 9
5 9
3 4
1
0 2
4
2 6
0 5
0 2
2 7
3
4 4
1 1
0 5
10
16 18
2 12
0 9
13 14
3 9
1 3
1 9
5 12
9 18
6 16
6
0 2
4 9
0 2
10 12
5 6
4 5
7
611 704
1155 1285
320 719
272 1710
1297 1652
784 1553
169 279
4
0 2
0 1
0 7
0 3
2
0 2
1 3
1
0 1
4
61 1150
172 210
486 1514
57 75
2
2 2
0 2
5
276 674
112 1795
271 1301
145 1888
380 811
5
3 7
4 9
0 7
0 5
1 3
10
0 19
0 6
0 1
0 8
0 4
0 7
0 9
0 9
0 8
0 7
6
3 7
6 9
0 1
2 5
10 11
4 8
6
5 10
4 6
1 7
0 2
7 9
4 7
2
0 1
0 3
3
0 0
3 3
0 2
8
0 9
7 8
5 5
9 14
1 4
12 13
1 15
4 5
2
2 3
0 1
1
0 1
5
4 5
0 2
2 5
8 8
0 5
4
6 7
3 5
0 2
1 4
7
7 8
2 7
4 9
11 12
1 3
0 2
9 12
6
2 8
1 3
0 5
8 8
7 10
0 6
6
1 1
5 10
0 11
1 2
5 7
5 10
7
5 11
2 6
0 3
1 4
9 10
7 8
12 13
10
14 15
0 3
16 16
2 5
5 5
4 7
10 11
18 18
1 6
10 13
1
0 2
6
308 1002
276 646
1004 1562
941 1833
280 538
959 1468
9
3 4
8 11
0 2
13 17
1 9
7 10
15 16
5 12
6 14
4
0 2
6 6
2 6
0 2
1
0 1
1
0 1
5
0 6
8 8
0 4
5 6
1 1
9
6 12
0 2
1 11
5 7
3 4
13 17
8 9
10 14
15 16
1
0 0
7
10 12
0 5
5 6
3 5
1 5
1 4
6 10
8
5 12
8 13
4 10
3 3
0 11
0 12
0 5
8 14
5
0 2
3 7
1 5
4 6
8 9
3
1 4
0 2
1 5
4
0 0
0 0
0 0
0 0
5
8 9
4 5
1 6
1 4
0 7
7
0 3
11 12
8 9
0 1
6 9
3 5
6 12
2
2 3
0 1
9
0 9
0 4
0 3
0 7
0 17
0 1
0 5
0 4
0 5
2
2 3
0 0
10
14 16
0 7
9 14
1 3
14 17
0 11
4 6
0 7
11 16
6 10
1
0 2
5
0 1
1 6
5 6
1 6
1 8
7
0 3
0 1
0 4
0 5
0 13
0 5
0 6
6
7 9
0 3
2 2
8 9
4 9
3 5
8
3 3
3 9
0 11
0 6
9 13
2 3
6 7
12 13
8
1 7
3 11
10 13
2 13
9 12
3 6
8 12
0 3
2
0 1
1 2
5
0 4
7 7
0 5
0 1
5 8
4
0 2
2 2
1 6
2 7
2
0 3
0 1
2
0 1
0 3
4
6 6
0 6
0 2
2 4
6
0 5
0 4
0 1
0 11
0 2
0 5
3
0 2
1 3
1 5
4
3 3
0 1
2 3
3 4
2
0 1
0 3
6
2 3
0 9
5 5
2 5
8 11
4 10
7
0 7
0 6
0 13
0 7
0 1
0 3
0 3
1
303 1689
5
7 9
0 1
2 8
3 6
4 5
6
8 9
1 5
0 8
1 1
5 5
6 9
2
896 1437
190 376
4
2 6
5 6
2 2
0 1
4
5 5
0 0
0 4
0 7
6
0 4
2 8
4 7
9 11
4 9
1 3
6
3 5
8 9
7 9
0 1
4 5
3 9
2
124 1074
8 1610
2
0 2
0 2
5
0 3
0 9
0 5
0 3
0 1
9
2 12
7 13
3 9
3 5
0 3
5 15
14 14
0 3
12 12
3
5 5
0 3
0 2
7
0 4
1 12
7 12
0 12
5 9
7 9
1 5
