100
2
0 1
0 2
3
2 2
0 0
4 4
1
1 1
5
0 5
0 1
1 1
4 7
5 6
4
0 2
6 7
1 3
4 5
4
1 3
4 6
0 1
5 7
2
1 2
0 3
2
1 2
0 3
6
4 6
7 7
1 8
0 6
1 6
1 4
3
0 4
1 3
2 3
5
2 3
0 1
7 8
6 7
2 6
4
1 4
6 6
0 1
1 6
3
80 100
1235 1756
787 910
8
4 14
10 14
4 9
2 10
1 2
0 7
5 10
7 13
8
420 1259
223 261
832 1676
0 1978
91 375
128 187
1533 1906
312 358
8
0 4
13 15
5 9
6 9
12 14
0 2
2 3
3 9
6
0 7
2 5
0 5
7 8
7 9
2 3
3
0 4
3 4
0 2
1
0 1
6
2 8
3 10
4 9
0 5
6 7
1 11
2
0 3
2 2
9
0 2
0 8
0 4
0 17
0 2
0 7
0 8
0 9
0 1
1
0 1
2
551 1148
181 1571
6
1 3
3 4
0 5
9 10
4 5
5 6
3
2 3
3 4
0 2
1
0 0
4
3 4
6 6
0 2
0 3
8
0 2
0 1
0 7
0 8
0 15
0 8
0 3
0 6
6
0 0
0 0
0 0
0 0
0 0
0 0
4
2 4
0 4
1 4
4 4
10
8 8
12 16
6 17
12 14
1 14
3 3
0 1
3 3
17 18
8 9
5
6 7
1 1
2 7
4 9
0 4
5
2 3
4 8
1 4
3 7
0 7
4
2 3
0 1
2 6
5 6
3
3 4
0 1
2 5
1
0 1
7
5 8
2 11
4 5
0 2
2 9
7 7
9 12
10
2 3
7 10
7 13
1 4
4 7
15 18
12 13
3 12
17 18
0 13
1
0 1
8
211 1913
542 898
624 1318
175 235
493 1875
97 116
139 190
557 618
5
7 8
2 5
0 2
5 9
2 3
1
0 0
4
1 4
4 7
0 0
0 6
6
0 4
0 3
0 5
0 5
0 11
0 1
10
10 18
0 6
5 8
12 12
4 16
9 11
3 14
0 4
2 15
17 18
6
475 905
331 883
88 448
540 550
147 435
532 890
5
19 431
94 363
297 1341
965 1165
1000 1592
3
3 5
0 0
0 2
2
335 1173
399 1210
4
5 6
2 4
1 3
0 7
7
5 7
7 13
0 7
5 7
3 8
0 8
3 4
10
0 3
0 2
0 1
0 19
0 2
0 10
0 2
0 4
0 5
0 4
3
0 4
2 5
0 2
10
1056 1094
188 343
414 752
4 58
121 315
116 721
826 935
14 194
167 180
322 1049
7
1 5
6 8
9 13
2 7
0 10
3 4
11 12
10
11 11
556 682
574 714
22 130
577 1431
58 59
396 1188
381 722
287 447
131 365
4
0 5
5 5
1 1
1 5
9
0 0
7 10
0 5
15 16
5 11
4 9
4 11
7 10
11 12
2
0 2
2 3
8
4 11
12 14
0 2
3 5
8 9
1 10
13 15
6 7
9
167 1255
115 245
1369 1458
484 512
975 1305
749 980
464 1136
95 908
132 855
9
8 15
2 10
11 12
0 17
6 7
3 5
9 14
1 4
13 16
3
3 5
2 4
0 2
2
0 1
1 1
5
1 1
5 7
0 4
8 9
3 5
7
6 10
0 3
1 2
5 9
11 12
4 7
8 13
7
6 13
7 9
2 10
0 5
3 8
1 4
11 12
9
4 8
14 15
0 16
12 13
3 5
1 17
6 10
2 9
7 11
6
78 1147
285 396
46 315
953 986
181 1905
38 816
3
3 4
2 2
0 0
3
1 2
4 5
0 3
1
0 1
3
1 3
4 5
0 1
10
2001 2001
2001 2001
2001 2001
2001 2001
2001 2001
2001 2001
2001 2001
2001 2001
2001 2001
2001 2001
10
5 10
14 18
3 8
4 9
0 19
11 15
2 6
7 12
1 13
16 17
8
2 4
6 15
12 13
0 8
1 14
7 9
3 10
5 11
5
2 4
0 3
0 7
6 7
3 3
5
4 5
3 8
0 0
7 8
0 4
7
4 7
0 2
2 7
4 9
4 5
8 10
1 5
1
0 1
5
1 3
2 9
0 4
6 7
5 8
9
5 12
1 5
9 15
12 15
4 6
0 3
10 17
1 5
10 14
2
339 373
572 582
4
1 2
3 5
5 7
0 1
10
8 12
9 11
2 10
13 18
2 3
0 3
14 18
2 14
0 12
2 12
3
0 4
1 1
4 4
5
4 5
3 5
1 8
6 8
0 1
1
0 1
4
0 2
0 2
0 7
0 1
10
8 18
10 11
13 14
0 4
7 9
2 5
1 3
15 17
6 12
16 19
10
0 8
0 3
0 10
0 19
0 7
0 1
0 6
0 5
0 3
0 7
10
9 14
4 13
18 18
13 15
1 6
2 11
15 15
2 5
4 5
0 10
4
1 5
6 7
0 2
2 4
7
5 6
1 5
5 13
3 10
1 3
2 5
6 10
7
7 9
0 8
3 3
0 13
2 11
3 4
7 13
3
1 5
0 4
2 3
3
3 6
0 2
0 1
5
1 3
0 1
1 7
1 9
7 8
6
8 8
0 1
3 10
2 7
3 6
3 9
