100
2
0 1
0 2
3
2 2
0 0
4 4
1
1 1
5
0 5
0 1
1 1
4 7
5 6
6
0 4
0 2
0 4
0 4
0 1
0 11
3
784 996
868 1307
1657 1678
5
6 9
5 9
0 4
0 0
1 1
8
7 10
7 10
0 5
2 2
7 11
3 3
12 15
5 10
2
0 1
0 3
1
1242 1960
4
250 1266
46 77
266 1425
578 980
10
2 6
9 11
4 12
14 17
0 4
1 14
8 11
10 17
6 14
1 17
3
778 1049
294 315
638 1927
8
12 12
3 9
1 9
0 15
8 13
4 5
5 9
2 7
4
0 2
3 5
5 6
0 0
3
0 2
0 5
0 1
8
1 2
9 14
6 12
10 13
3 15
5 7
8 11
0 4
2
0 3
1 2
5
1 1
7 7
3 7
0 1
3 7
4
0 4
0 4
0 1
0 7
8
7 10
0 0
11 16
2 7
7 13
2 2
0 6
11 13
10
2001 2001
2001 2001
2001 2001
2001 2001
2001 2001
2001 2001
2001 2001
2001 2001
2001 2001
2001 2001
3
0 3
0 3
2 3
2
0 2
2 2
10
1 6
11 18
15 18
6 6
6 9
0 4
15 18
1 2
4 10
9 10
3
1 3
0 2
4 5
3
3 4
1 4
0 2
8
6 6
5 15
1 11
0 1
2 9
11 14
2 3
8 13
3
0 0
0 4
0 1
2
0 2
2 2
4
303 1325
1016 1054
276 277
173 1617
8
41 1348
273 1173
1580 1584
95 263
120 1488
777 1789
163 545
280 610
2
3 3
0 1
10
0 6
0 1
0 3
0 5
0 4
0 4
0 19
0 10
0 9
0 3
8
7 12
5 8
0 15
12 14
0 9
0 5
5 7
0 9
9
4 8
12 16
10 14
9 13
1 5
7 11
0 3
15 17
2 6
2
28 327
48 104
4
4 6
0 3
2 7
1 5
5
0 2
0 1
0 5
0 3
0 9
2
0 2
2 2
3
273 298
352 356
213 282
10
624 1204
431 1374
403 648
694 931
148 1205
2 265
1387 1672
197 1353
456 609
1086 1542
1
0 2
1
0 2
2
0 1
2 3
9
8 15
5 9
0 11
1 9
3 12
12 17
6 13
1 3
6 12
6
4 6
9 11
0 0
2 8
2 4
6 9
4
0 4
2 7
1 3
5 6
4
3 6
0 4
2 3
1 7
7
12 12
5 10
1 2
6 8
0 11
2 8
2 5
2
1 2
0 3
5
4 6
8 8
0 1
2 8
0 3
3
0 3
0 4
2 2
7
9 10
5 5
5 5
2 9
7 12
0 1
0 13
1
0 1
2
1 3
0 3
2
1 2
0 2
5
5 8
3 8
2 5
0 1
3 7
8
1282 1835
296 1218
461 461
1129 1776
50 131
151 380
492 1142
92 281
10
4 12
0 6
5 15
2 17
7 8
13 18
1 19
11 14
3 9
10 16
4
3 5
4 6
0 7
1 2
5
0 1
3 3
2 5
3 7
7 8
10
1 8
12 13
15 18
9 16
6 15
3 4
9 14
1 5
7 12
1 11
7
0 11
4 8
1 4
10 11
4 4
3 11
1 4
1
0 1
9
8 16
1 12
15 16
4 6
8 11
1 11
0 1
4 6
6 7
10
14 15
6 13
0 0
4 4
17 17
1 19
7 9
0 6
11 14
10 11
9
10 13
1 15
4 5
5 12
0 12
6 10
2 3
6 13
6 13
4
0 2
4 5
5 6
0 0
10
0 4
0 19
0 3
0 10
0 1
0 8
0 8
0 2
0 3
0 8
4
464 1419
214 1030
160 1011
275 1230
5
0 0
5 7
4 7
4 7
1 3
5
8 8
5 7
0 5
1 2
1 2
5
0 4
0 7
3 7
3 8
4 6
6
0 5
10 11
0 9
1 6
1 5
7 8
8
0 3
0 8
0 3
0 2
0 7
0 1
0 3
0 15
2
3 3
0 0
5
122 1249
582 834
62 161
122 651
150 1163
4
2 6
2 3
0 0
4 7
10
9 16
8 11
0 9
13 15
3 11
13 16
3 4
4 8
16 16
0 0
4
147 178
36 65
335 368
118 1827
2
104 495
1256 1572
3
0 0
0 0
0 0
3
1 5
1 1
0 5
8
12 12
12 12
0 7
0 0
10 11
6 9
0 3
0 0
2
1 3
0 2
9
9 10
14 16
0 6
13 16
5 9
2 14
0 0
9 11
4 5
9
0 4
0 7
0 5
0 5
0 6
0 8
0 17
0 3
0 1
1
0 2
6
7 7
2 2
4 5
7 7
0 5
1 4
8
0 0
6 9
9 14
3 4
4 8
2 5
11 11
9 15
1
0 1
4
0 7
0 2
0 1
0 3
1
0 1
8
1 4
0 11
2 6
9 11
6 13
14 15
7 9
2 4
10
2 6
5 14
1 18
10 14
10 10
5 7
15 16
0 16
5 7
2 12
4
1 4
0 1
1 4
4 4
9
14 17
0 2
7 10
11 15
1 4
3 6
9 12
5 8
13 16
8
0 4
4 9
9 12
12 15
7 8
4 10
5 12
0 2
8
7 15
1 9
0 0
2 11
6 11
1 7
11 12
1 2
