100
3 10
120 221
165 177
303 584
21 122
86 222
10 120
1 6
309 454
7 65
1 101
9 10
122 483
3 637
121 484
3 484
529 912
42 258
4 9
1 1
7 122
122 1000
694 925
4 485
21 742
4 65
8 109
120 302
3 6
1 484
483 742
100 1000
518 772
1 10
228 767
4 4
245 668
4 10
389 394
706 725
519 641
548 888
1 742
65 302
734 737
66 482
9 121
1 5
121 221
416 542
65 122
687 765
11 922
607 985
9 221
1 302
83 758
1 485
1 1000
3 5
583 647
1 109
1 2
65 485
3 4
178 317
1 104
302 574
67 948
384 484
1 4
8 65
120 742
3 104
21 121
484 484
1 65
9 65
1 584
15 805
484 742
432 661
872 917
1 121
3 65
484 485
120 584
560 760
284 737
394 879
121 121
483 560
196 792
121 502
8 122
313 425
65 742
256 947
7 121
1 221
