100
8 631
74 162 33 469 59 557 598 572
10 197
126 35 131 139 19 155 178 76 63 46
7 375
196 254 196 254 254 79 79
7 586
488 397 359 434 527 235 571
10 658
107 413 31 298 479 456 625 203 100 224
7 173
41 134 60 72 162 156 117
8 34
5 6 12 7 20 32 27 12
7 606
255 560 436 250 496 255 487
2 134
111 31
8 347
287 280 296 287 239 302 277 310
10 498
103 142 415 391 5 329 485 10 259 179
10 244
173 204 128 229 207 82 102 147 139 166
4 310
208 127 165 176
10 282
15 155 255 21 115 189 251 203 167 37
8 41
13 31 2 27 11 11 25 1
5 261
92 152 182 53 43
10 654
432 478 641 378 456 70 285 559 257 326
8 239
130 237 123 211 234 196 121 185
10 634
452 291 363 499 132 89 604 458 370 216
8 255
119 143 183 124 96 121 91 228
10 663
361 623 474 126 224 379 501 15 567 485
3 267
167 256 139
10 1
1 1 1 1 1 1 1 1 1 1
7 139
73 137 84 22 139 114 128
9 358
119 75 290 290 161 290 162 337 162
10 97
74 26 67 12 26 73 7 79 11 32
10 128
36 27 7 84 69 68 4 2 37 77
3 632
589 260 446
10 700
1 1 1 1 1 1 1 1 1 1
8 523
36 244 152 241 152 244 274 152
10 644
497 208 296 26 241 254 575 349 24 228
4 691
296 331 507 661
8 359
290 290 191 333 280 290 290 191
10 636
319 296 262 190 207 546 526 584 118 562
10 560
207 68 365 1 181 559 54 47 127 460
10 673
265 24 456 311 217 408 649 225 448 362
10 636
87 233 120 203 569 150 338 45 22 264
8 95
69 74 21 9 4 91 86 26
6 321
20 285 312 10 37 302
4 161
122 56 154 32
10 480
290 100 435 165 119 410 41 201 19 202
7 587
569 81 81 569 353 353 435
10 309
228 268 285 289 239 217 291 267 292 234
6 240
194 158 112 235 149 144
1 321
303
10 160
11 72 52 42 142 6 83 138 101 24
10 631
455 97 382 533 507 100 563 251 9 36
10 489
272 416 185 311 398 24 358 150 378 477
10 240
107 197 107 47 190 233 206 65 112 149
4 259
96 90 177 181
10 5
2 5 4 5 5 2 2 5 4 5
10 554
98 61 396 100 529 46 483 444 342 176
9 362
231 305 307 160 250 334 242 121 317
10 292
119 125 173 2 41 274 290 167 18 251
10 23
13 3 20 2 22 12 9 7 21 17
10 386
186 25 317 9 172 41 344 329 237 286
8 155
93 29 65 62 90 37 126 118
7 195
60 88 130 158 86 174 62
10 293
278 244 293 221 254 209 232 246 280 278
10 584
440 537 148 559 190 506 368 196 155 235
10 259
110 211 116 223 109 160 181 249 191 197
3 501
356 276 415
6 454
381 324 304 151 74 131
2 352
341 216
1 276
268
8 477
473 284 193 459 175 449 415 194
10 598
583 161 73 65 73 177 73 73 212 65
6 421
280 260 32 142 390 162
1 123
79
10 532
458 258 357 274 352 135 333 285 466 380
10 305
72 162 211 160 270 39 19 33 239 76
6 281
227 89 180 192 54 101
3 263
185 124 156
5 467
455 201 453 320 247
10 376
219 250 250 292 126 126 126 292 103 292
8 417
332 337 280 48 193 332 337 332
8 657
367 348 270 510 357 280 617 300
1 623
227
10 62
11 15 1 33 8 14 21 10 18 20
10 180
55 126 54 20 34 74 70 125 68 53
4 673
461 299 362 577
4 616
371 532 336 574
5 537
80 525 122 291 506
8 684
266 41 109 418 125 643 575 559
8 99
15 51 50 84 2 97 49 48
1 587
341
10 43
13 36 41 42 12 11 18 39 19 7
10 277
252 104 106 159 236 196 261 165 236 172
7 369
44 78 117 114 135 167 314
10 215
63 75 47 168 47 152 80 140 168 135
6 546
220 538 452 38 328 343
8 481
250 467 369 250 369 369 467 71
10 685
184 501 656 485 200 471 438 29 214 247
8 254
124 122 238 235 81 85 30 212
10 87
87 13 78 72 74 35 66 43 58 5
6 342
131 87 179 224 174 268
8 571
541 541 3 499 116 3 382 116
10 103
17 35 92 90 28 29 75 40 60 24
10 697
514 608 361 526 373 363 296 112 615 541
9 616
236 480 56 515 310 329 604 201 414
