100
10 425
165 401 425 332 257 160 204 169 340 176
10 130
88 5 82 57 89 5 59 94 128 123
10 76
59 55 13 10 31 59 63 15 11 43
10 662
616 377 470 331 366 366 331 578 616 616
10 612
197 333 504 260 165 269 168 64 99 585
9 688
554 664 526 459 463 468 486 673 528
3 365
179 156 242
7 498
96 465 96 96 324 465 149
8 590
356 584 378 318 557 405 311 215
6 629
348 199 372 460 199 199
8 417
75 84 133 223 342 284 333 194
10 597
234 48 388 482 589 540 453 153 299 375
8 389
330 134 97 376 122 160 314 227
10 460
93 50 17 403 367 194 443 266 57 410
3 361
76 64 106
5 529
392 387 427 427 392
1 218
176
5 338
301 169 144 168 219
10 700
1 1 1 1 1 1 1 1 1 1
10 600
182 248 318 142 182 448 446 318 277 580
6 641
369 268 514 503 511 630
10 323
113 81 156 39 134 205 290 318 48 224
6 170
70 104 101 67 95 76
10 519
176 176 176 119 103 103 103 103 270 74
10 10
5 5 7 2 3 7 8 3 2 8
9 358
327 293 338 198 338 198 327 327 338
10 31
1 14 7 10 20 1 7 23 18 13
4 603
341 451 325 517
10 230
137 138 94 126 128 149 27 123 40 167
10 361
270 350 41 145 269 66 356 167 148 306
10 1
1 1 1 1 1 1 1 1 1 1
10 354
68 351 57 39 89 73 28 112 246 61
10 259
38 128 187 85 79 95 32 22 189 259
9 481
277 121 121 317 171 171 442 328 277
1 176
25
3 602
498 339 559
10 611
401 21 485 118 595 133 256 344 604 90
8 7
6 5 2 3 5 4 6 2
1 428
131
1 373
12
5 217
1 142 74 48 151
4 251
104 237 166 169
10 257
223 149 185 222 26 117 163 192 20 85
10 415
71 155 8 310 243 26 90 343 270 132
7 654
461 297 229 293 339 612 607
6 138
134 91 47 17 121 4
6 406
130 337 253 276 69 153
7 568
330 363 342 363 363 363 363
10 404
358 111 342 46 293 307 189 62 215 97
10 228
114 158 143 101 52 96 37 138 136 80
7 287
276 148 107 171 181 217 252
10 404
351 351 316 92 87 89 318 313 54 54
5 365
79 108 79 282 282
8 302
239 197 270 259 170 124 211 163
10 603
481 599 579 601 507 492 554 526 563 566
10 206
132 9 6 75 71 161 1 29 70 141
10 623
602 572 603 598 419 501 417 423 422 615
9 693
489 399 572 652 423 520 691 566 536
10 273
147 6 127 27 146 126 5 268 267 246
3 664
478 168 131
10 141
101 63 48 37 9 96 26 13 41 55
3 3
3 3 1
10 387
222 79 104 14 170 4 101 121 124 155
1 476
435
10 268
63 101 201 188 136 32 256 84 127 204
10 528
492 116 103 156 98 15 373 478 492 229
8 481
66 358 102 272 379 123 415 209
6 616
447 189 542 428 75 170
6 155
141 83 72 20 14 135
2 695
668 153
4 639
252 227 258 266
3 637
317 431 433
5 404
385 386 275 304 312
6 368
255 265 214 351 255 170
3 293
243 256 210
6 554
272 148 148 536 536 148
5 530
298 246 370 356 220
7 261
94 233 148 177 184 128 227
10 491
4 414 413 303 100 387 84 142 369 160
10 169
15 24 28 65 62 78 93 56 121 8
10 621
195 475 500 305 283 10 446 416 573 26
10 501
215 496 350 458 431 231 496 329 172 250
10 108
30 14 15 14 29 103 84 79 14 12
10 157
26 126 66 100 99 110 124 42 90 121
10 266
220 59 10 258 79 113 219 181 265 245
10 106
24 12 91 98 106 56 85 40 82 56
10 94
8 4 16 8 78 40 49 94 62 91
10 179
35 155 64 25 147 122 41 39 67 146
8 543
309 190 538 296 234 353 247 5
8 608
328 243 252 563 597 416 527 274
2 291
73 13
6 576
254 526 446 524 373 513
3 691
399 500 637
6 169
78 154 78 80 42 78
10 107
21 95 90 73 49 58 7 4 81 22
10 36
4 5 1 6 10 30 8 20 1 10
8 326
14 103 40 236 128 135 84 147
10 295
180 275 61 239 98 213 287 140 266 286
10 251
150 154 81 203 217 224 65 234 122 207
4 651
165 44 74 141
