100
8
426 469 475 709 710 943 737 725
10
872319950 616368320 391735445 357943853 912412794 517842110 996547599 832632184 838829816 692255490
5
44 175 213 264 664
9
9693 9592 128 1530 6655 8783 2121 5646 4785
10
255944764 843066553 273453489 284570340 216348438 150014831 728059404 359114712 843742757 236426532
8
3968369 3804596 5025061 3287067 9434686 1828917 7295067 8713058
3
661143526 360361278 118805318
7
938 799 458 239 369 561 818
4
429 222 362 778
10
3783 7355 6410 1465 6508 1945 1265 6493 8448 8545
8
43 129 1000 874 817 626 561 498
10
8579 5074 1347 8196 8449 5054 8839 148 2810 449
10
681 520 483 275 90 188 367 514 595 791
10
653641688 515698340 183316642 810494262 345682523 394193498 685447174 880164305 856716841 693243105
10
840 820 678 492 316 349 526 687 821 877
10
124 134 212 489 810 802 728 562 515 509
5
722 491 205 244 497
7
435088812 804753070 645180184 712556638 46984916 167210592 946305623
9
9286 1361 3689 7130 7233 312 9833 3542 2173
10
878 419 244 71 39 68 207 264 596 879
10
7293 2933 3524 1350 5902 652 2881 503 9558 9723
9
8763 1689 3672 5334 5209 7766 7210 3564 352
10
361355136 834111173 215335045 835448426 272918965 367472530 765600979 479515829 631867936 423802150
5
1 8 10 3 7
7
113 132 195 410 921 692 527
10
764 673 619 446 69 409 482 627 679 983
10
21354576 686346357 729006805 846156255 752895003 475745580 238363788 631097932 551042016 643471584
9
3717 188 1387 1623 6995 460 3497 3434 181
6
822 732 653 628 329 14
10
569132077 922068546 293179677 834506384 110803792 363241830 83633267 857839474 524263558 767145678
9
4610 1731 3940 2484 4155 338 6412 103 42
4
1468812 5183585 4775116 2319068
8
663629635 876287765 10668171 424900903 995245524 576397843 352894545 885301300
3
9142432 964234819 463468292
8
5687 394 3144 4646 3487 51 4557 4585
8
2361 2647 5039 7517 3126 1697 1330 5978
10
9877 1725 3371 7925 3050 3750 6888 2757 7668 2450
6
320589658 675491027 334293271 436929208 847695734 328985995
9
7565 350 6391 5787 8493 2717 1678 5928 8105
8
7103131 3431653 9308432 581163 9906691 9640042 6435533 9823151
8
907 644 173 79 134 328 816 935
8
749 460 244 192 240 319 607 937
10
9855 8786 9489 1822 8561 5451 6739 3451 5814 6067
10
843 553 389 205 98 165 376 453 655 853
8
3889 330 1084 2139 203 3422 672 3774
3
1 2 3
10
976 598 351 247 26 63 302 543 903 999
4
91 830 357 130
9
8792152 6439702 705122 1357753 4291108 3598936 2734834 1358238 2835481
8
8787248 1540865 2016792 6185737 1653868 3107961 5631691 4346267
10
990155640 228914838 515909245 650373748 151040478 559725233 44544390 125650816 505562961 791425373
3
955 403 718
10
1778 1782 9203 122 123 2335 9009 1421 569 9784
10
46039942 658325323 207883423 67061217 337009466 622919321 510159212 806370293 649123795 233436618
10
7722 601 4387 313 20 6391 5512 5968 8706 1524
5
877 781 317 387 804
6
338915959 554123793 377174931 690084828 890524026 440296083
9
9224 1736 601 195 8629 2727 2155 9423 7597
9
104 198 371 2953 4224 8402 5971 1986 9119
10
3402 7786 1644 364 7380 3129 7879 401 1376 9001
10
6314 7719 2967 627 727 6111 2414 3808 1263 1926
8
804 545 226 74 87 326 781 990
10
552477516 403674661 499253625 105456373 268857055 944204694 520847009 934969531 415120043 84316680
10
827 669 373 265 3 18 268 589 793 925
8
9679 1422 1536 421 9129 396 2276 8095
10
975 692 605 388 109 135 569 652 708 980
10
638 556 342 251 157 163 302 469 577 691
7
249658111 902394188 453507960 833563811 506225763 335922763 995284654
9
9072 1992 3607 4660 2645 838 30 5101 6397
10
542426047 138338177 34560948 673964803 753441712 651670965 73684926 354882494 930972324 352673057
9
7644 1652 1353 1720 194 4372 5061 2459 3831
5
696117155 101276268 934983976 184776362 979315297
8
139355543 181364904 243779529 623927998 524601281 753004918 655680504 18051810
9
394763183 547276918 59501819 430447713 219489098 336365019 3957084 969810676 634458699
9
6883 8932 1831 4753 85 5153 640 1049 7318
3
768870093 42548868 594069070
8
812597179 486118814 66160784 640691897 349846650 777976338 920667167 588360519
10
922772667 446508718 939130590 125444832 732360949 539943807 139689917 552669299 640697335 793271319
1
436209804
5
931113855 949652943 426404634 456537403 523461913
8
423 2973 8343 305 1161 3683 972 6516
8
9421 866 9060 1131 9960 8189 8950 6539
10
1866 6948 6287 8491 6547 3256 2463 542 5012 8912
9
8028 2442 6451 1 6014 3103 7329 177 65
10
8656 802 7093 4461 3529 2198 6267 913 2615 8668
10
756168896 884800090 534714691 547458544 536053475 28228854 522315905 711433709 783242258 1033190
9
135206400 372642283 994995159 857887532 415406346 134267965 667247830 194826057 690470486
5
585 586 625 883 696
10
48 141 905 872 835 749 611 498 430 392
5
856 727 570 580 745
4
637029474 633691282 674866942 75810676
9
961 897 472 257 206 252 470 827 911
9
537213541 511818368 306275577 463028968 497482521 987944072 127524305 984576495 540248769
10
985 907 815 342 259 296 369 906 937 993
10
8696153 265552 8387299 7407884 3001187 6444321 7729665 2202588 4816215 8704710
8
3647 6903 3681 491 4986 180 1835 6068
5
160827391 496353110 733115164 481469381 767817076
4
814 424 509 854
10
872 819 698 343 104 304 506 770 866 948
3
413632157 702259876 513366258
