100
10
957771562 462968737 694085322 861615564 583957125 992557 746248647 924793158 724002121 301458655
10
691 498 206 70 24 61 160 447 661 806
10
8846 908 4261 1473 6790 8596 9261 7954 3964 6143
6
672986726 632153492 321225282 505331182 585096457 685162439
9
7902 3415 7006 270 5686 7222 4214 4903 9119
5
693 554 198 377 600
10
899 771 693 295 107 250 609 742 785 986
5
764591140 398965602 796840434 165321078 634514303
10
362084205 883690608 568268418 528174049 183853697 751867794 563382856 62781538 421042842 86136574
6
410295853 585648741 610358338 803811478 585819383 364628208
9
8579 5074 1339 2500 434 4131 701 2901 7450
3
87046824 798560517 45308316
10
161728613 47267486 86691531 14781116 760852502 693475519 825080624 16272765 420946775 478849735
10
828 635 458 241 26 111 261 540 801 930
10
9430370 1007706 9122695 7068228 4339923 7043485 7159644 3350600 5006769 9484181
10
9411 7725 4782 1008 1764 6135 7224 1190 3611 5147
10
969836462 9601138 501748672 340516656 445388892 285968547 156041699 750763910 767737386 966608178
7
983801848 662213047 719957787 892642250 237729227 91874544 148272172
7
986 520 424 122 344 486 656
4
475 732 534 479
10
19740914 618454740 580053912 906008018 181997501 415306822 815826034 632831475 846843155 662309521
6
142 235 655 470 430 370
10
864446251 257538599 668689595 159660884 863863491 233246333 511273535 864303639 383217470 451565480
9
9943009 9842583 929944 1435806 9460734 5377838 3232065 1899727 4446104
9
9155 2056 6352 5623 95 48 7564 385 2556
8
8667955 2854871 3151049 8127719 2855434 6349249 7768579 7503746
8
7002 958 8345 1201 4184 5339 1908 1986
10
754 6461 5190 1926 5871 4775 7726 1978 742 9403
9
377144466 218210278 227534803 744823330 56625130 237399624 215816220 915099748 469885907
10
8427 48 4306 1022 3055 8692 2869 1909 3500 411
10
154513627 920176822 649215728 715695784 968247234 524625206 685897148 628017084 257071997 284088999
10
7180 5813 2774 5201 410 1 2783 3107 4608 5594
8
106 179 7683 7087 3099 6531 1980 8967
5
366 480 539 702 615
4
175752620 374789384 36790183 718680514
10
1129 5390 7941 5007 7999 1250 557 2357 9012 9923
3
723 909 881
10
926 880 770 602 308 310 656 827 911 973
7
784 666 230 117 206 444 763
10
521440005 709870222 400677902 283656610 866404369 491310093 143205081 673703990 364090546 594654700
8
3772 5986 51 3833 116 9514 1543 9181
6
123 181 324 431 754 954
10
563401037 885721703 735033159 529144461 286411305 714375130 663185450 575609033 834879911 366336617
3
1 2 3
10
866 481 316 216 93 117 259 437 732 883
9
919 910 744 278 112 247 409 834 911
6
805 590 387 411 720 968
10
786 655 602 257 34 53 466 640 743 855
9
5390 5081 952 2100 3709 7274 158 2875 9329
8
8865 845 7341 3392 9481 8084 4517 1303
8
2703 1458 3807 2659 1630 983 4171 7246
10
745 503 397 269 93 105 338 500 609 826
5
1 8 10 3 7
8
4486 2799 6804 4911 874 19 381 7210
8
951820241 505371646 533731372 403255347 113109976 158182450 204598712 466943585
9
8145 6302 2209 4977 6745 280 2648 3185 3992
10
846 753 373 288 67 90 349 629 767 910
10
6881 3704 7 6546 6597 9470 5623 3421 208 8764
4
779930 9395223 8172635 2378646
10
889 782 516 125 51 53 470 520 877 895
7
99975591 371520281 373760580 621718556 230303092 902946311 926450046
9
6842 2659 3542 7170 3854 101 273 287 5336
8
6252722 5700462 6885566 1873058 9881910 1787291 8562357 8806526
6
929 842 82 404 926 981
9
9089 204 601 3461 146 2782 5397 344 3376
6
688 397 185 267 653 787
3
361 38 114
3
731 629 567
3
138 245 206
10
7666 4839 2725 5817 147 221 3942 3604 4682 2988
4
862478089 491697143 456565618 107821194
9
3450 1760 1548 2584 2745 6889 598 311 3753
8
9914 7780 419 8414 359 5037 3924 8462
10
905 741 602 333 63 193 419 704 829 915
9
18 25 45 187 254 363 478 653 522
8
2560 4991 6860 318 2477 108 1254 7123
8
5785 4167 433 5684 2115 218 2044 8052
3
642997669 338016711 9790191
5
42956601 898873586 258021699 661883207 975091603
8
5440 5444 5374 2465 1684 792 9126 9410
8
9831 514 9718 77 7179 218 2472 3015
10
403567959 650588512 484541555 221768307 47739967 583082752 721608712 544185070 890727074 455508166
10
359166198 791502994 263860177 730977261 777375415 747584670 324944950 864868361 344512532 798270023
6
980229093 812597482 494350291 826034249 629930433 272865776
6
86759264 578145087 26161128 403081428 627038413 641903645
10
988499591 981212784 905815813 793978268 111963943 543224831 136111029 398018054 797055054 434877125
10
794 648 590 293 2 174 450 610 721 840
7
239 280 404 530 684 596 583
1
515468078
6
47706906 202057825 404963206 672563913 690344417 649192744
8
1060 295 7706 5776 1629 201 1006 7937
10
9550 5235 4889 613 1525 8841 2442 667 7266 1645
10
116 317 8144 3690 3112 4116 7922 2317 7659 9089
6
737 497 9 366 619 910
8
465664551 191166115 311951352 133769242 52696374 620016507 420272441 846721525
7
494457039 406269364 940187457 481846455 144707889 870516129 387622939
8
4627643 3782396 7101294 163871 9711649 7578164 4263786 8033000
10
953 897 664 497 124 185 554 715 944 971
3
372779208 406469878 627729219
9
899 496 393 177 44 106 182 488 776
