100
10
792 653 466 230 112 186 254 536 759 876
5
205 219 335 438 573
8
5682921 3960321 7872554 3152626 8439240 2474635 8252051 8279706
6
267623659 691748652 580592036 659475378 662199831 796475779
3
1 2 3
8
838 553 469 89 332 531 608 946
10
6474 605 3834 4458 4105 7269 1951 2962 6016 2742
9
5105 3811 3283 8110 1505 1174 109 5438 9013
10
792 587 490 186 121 181 480 546 660 940
10
876 507 454 184 37 151 259 490 671 877
9
796380247 537609584 363120131 615909022 700652698 163059129 271841810 993863856 409733380
8
9789232 3440232 6278409 8628120 6145554 6957337 6985199 6970915
5
196 479 480 916 609
8
4732810 1008361 7786699 25463 9642287 8176813 4002719 9118429
3
126670865 124101775 280927853
8
5929 403 2080 4995 30 7175 1499 8071
9
9142690 8072042 1229809 1923877 7331995 6086163 4470655 4317407 5122368
7
78605741 529187648 446789700 654900297 145149860 984695352 916802315
5
886 687 146 488 801
6
964083371 113131938 86221098 298105286 563809134 248390973
7
548679364 922756917 352726166 444126140 602253684 712010039 133505343
10
1292 9561 7611 2187 3699 7420 7475 1104 3994 9084
4
825 404 627 938
10
402882569 458234060 415823337 196507906 354707689 577169173 583128468 42346211 700289960 716762401
9
9820 409 1108 1834 2509 4723 2250 4646 7541
5
605796193 602015403 216633137 828185266 904002922
4
191383909 896436522 795973963 825577346
10
595 507 366 241 163 202 324 483 558 789
8
7886 1076 1299 4773 7483 1945 6567 3121
8
5380 1111 4342 90 3788 2576 2338 17
9
6599 4700 2175 6465 6188 8348 1532 2 8143
7
463247265 621732195 370566471 811549314 733598994 396461285 540382401
10
8321087 545650938 197845250 278618295 319695304 568214903 309551424 23051681 988451640 978462643
9
815 757 567 424 11 305 488 710 786
8
3403 5976 2082 244 144 9495 950 6731
9
6554 265 891 3106 171 6853 390 5916 3776
10
9393330 715113 9208563 7858232 4680716 6979293 8375040 2858799 5403734 9856017
10
944438874 116552999 366058818 605293402 694164254 163590583 461310252 63491752 334645198 780413488
10
4067 3357 8164 3681 2762 4019 5321 3315 596 9051
9
815691535 146631032 407774743 420829870 746729268 292814235 64177298 535847482 472992911
10
7761 4213 9858 1433 4014 3157 3343 2615 3070 3848
9
9758 7349 2905 7988 9190 3297 3742 6358 41
9
8965 88 7002 6669 7212 5791 5165 7266 9557
9
97 388 548 663 723 912 827 759 755
9
9506 1292 8248 2115 7554 2332 328 2070 9307
10
955 718 474 353 167 333 467 604 944 980
10
789 778 164 110 56 98 155 364 788 838
6
597 240 148 207 275 708
5
21 323 524 854 644
6
111237768 897129302 368767698 155024831 792425959 253080486
4
348 530 844 737
7
643 460 381 11 160 407 638
8
157 210 275 419 687 551 494 456
4
28025851 633874885 29724910 999025
10
970821402 122072188 896653960 775871937 108628125 326355992 902327677 137105176 53925603 280987494
9
986 828 631 598 255 505 628 669 900
9
5534 7514 5204 7705 445 9985 4929 2461 9898
8
679438830 835371925 639421805 124678755 535254464 148025041 186489264 632926282
10
3522 5335 7714 1913 1300 3975 3245 764 4828 6560
10
212556284 329211887 112734231 52857334 76282663 523509753 436104649 952130670 53221521 90607346
6
964512239 288022674 924484909 169969667 263849639 528500489
8
620056419 380822081 983444893 665371321 533013279 59140791 959261545 363431968
10
2354 2821 4082 6122 7202 3831 9659 4898 1800 9385
10
8922 2700 3004 452 8655 7225 4996 476 4382 3580
5
647 501 165 74 73
4
548448815 598762367 369186887 257145856
10
219008891 397103788 813143771 149085380 853906391 948671610 601159739 294428452 237876911 680409711
10
911 741 440 170 101 152 356 476 880 930
1
448329394
10
490366493 571784087 357202090 980131621 419773434 577980319 648583634 965655203 957226827 316042073
6
390067685 156861350 400424618 766122581 792561078 558064503
10
7795 2725 638 4254 4523 6736 9377 4052 6764 1511
5
1 8 10 3 7
10
913 708 435 302 21 127 319 691 850 928
10
4424927 234202406 198753149 237589126 435450938 848182969 461939182 720622178 731848431 861546839
10
865 656 550 361 124 192 367 605 677 868
10
674 598 368 259 4 132 320 468 656 728
4
828460 9257948 2672570 1731057
10
806 668 560 41 22 38 499 568 727 936
9
9750 3852 2751 43 3021 9347 1764 4216 7881
4
429 438 826 824
9
9020 421 1538 3925 4536 156 7791 3439 125
9
3034 93 7017 2685 8288 2968 2366 6511 9168
10
885 437 192 161 38 98 180 295 599 989
10
337160236 413143629 637522388 677757949 574094505 28216056 978431956 476763532 551113202 583245730
6
275 339 442 705 880 743
9
9596 500 1614 6624 146 2936 383 1484 461
10
457016627 279817457 17562592 386724990 340888482 274597545 304010851 919709629 166504122 256481795
4
776 565 759 990
9
6291 4381 6015 322 313 9268 25 3342 9078
9
9171 863 263 50 6894 2743 7177 213 1258
8
7657 931 4117 5637 8688 6563 4924 3467
9
9112 1016 50 3701 3904 7878 4623 1029 3477
7
289188618 416982569 911864332 402849308 114428233 386578618 227125425
3
807 19 26
7
539586497 693183625 354448952 775941762 384000833 931755596 253197821
10
7927 4771 5169 9165 4969 5481 3303 1620 5722 8093
7
790 580 415 69 353 421 733
10
9362 8504 2032 1421 2979 8690 6159 7030 6392 2250
10
248548867 573166640 529988690 263998939 355389351 220271958 810141530 945044440 170172427 399958091
