100
9
2646 8809 7838 7876 6987 444 1067 7905 8731
8
3153 4272 2480 3609 3725 6514 1689 9753
9
7881140 7774186 1367746 4083405 7724541 7539860 5547352 5022600 7536169
8
5274587 4842280 6401263 3968988 7768687 3462071 6742297 7255109
8
9638 5097 3905 8363 4396 5099 6141 5290
8
9922 7762 1454 7676 8372 5611 3006 5739
8
8903 5855 1667 112 1655 1166 379 7281
9
722234573 152154969 391670137 586833074 624221665 507496865 427033377 557408097 612696364
4
428 151 262 881
10
696 595 526 187 27 37 414 536 631 974
10
895 769 549 131 28 59 397 674 839 957
10
993305627 15996698 401840063 147121480 886907172 204625515 481843706 576023747 946753590 983836186
10
163435843 915339894 200713037 141439247 477125134 32739803 309965328 631687320 352011610 611425312
7
880 764 625 437 529 693 772
8
640630156 416614599 393187232 28873036 594501594 700236335 981723132 459180043
8
8311 2679 6554 10 6994 138 9359 5505
8
949424360 947600172 301004782 131709563 97461841 4798808 53403398 8662213
7
489954046 75282438 800335053 173377553 805202922 217468409 308392673
9
83 136 271 277 391 424 647 902 670
10
52536808 448435009 547187377 839763485 868361780 936554913 701700503 60432277 569142919 721049491
9
496 291 241 6861 5573 5602 7698 4521 9613
10
755776787 141804375 59206793 322677257 147202204 739091796 294192545 985272308 714235955 272702280
5
1 8 10 3 7
3
95 251 356
8
6527 3064 2595 4046 1658 538 3572 9078
9
354 5286 393 4271 4954 5092 2291 284 7018
10
725321701 942170842 352563098 521880865 689531588 765291080 292117708 872076558 781759132 786426281
8
60579778 138861981 337702756 523386431 521449026 183116412 36839977 286169038
5
973 739 156 569 757
10
246862437 367013064 409305045 377700686 622286149 521669845 172814658 416974697 248565121 484764299
8
940564269 970567421 354981149 854923245 1986304 403690367 1041798 265295008
10
844 510 356 264 27 185 296 362 789 980
8
8234 5712 7522 5954 7957 6804 855 9345
6
966990973 623885343 739528285 185524773 218081496 727271890
6
888070774 961360926 998230127 393484159 802564643 983187777
10
35 5698 5661 427 8184 8604 6292 6200 3179 9903
10
410998786 989477077 900234869 367482728 921080045 752721231 894796965 701693297 688926303 879481136
1
329826733
5
43 122 451 424 206
3
1 2 3
10
901 825 633 222 45 125 514 818 856 938
4
225 467 413 267
9
8714 4060 79 7435 324 8033 4316 372 4891
8
8736 2145 3870 5771 3052 6427 4578 9906
8
6293 1877 1679 1693 6453 1159 1969 3999
3
818 162 503
5
232659850 178544372 919366660 278944748 298727752
10
650495987 600619939 579539214 701911375 758060859 956266400 328497251 1183356 739245943 706248230
8
6286 7378 6719 8297 6420 2251 7935 9601
10
3843 1600 5978 7007 112 6282 64 1595 7876 9153
8
9469311 471772 5416842 6979523 3592195 5607148 6624332 6501794
10
471 232 172 148 7 49 152 218 328 779
10
840 788 736 444 45 255 623 779 819 864
6
114 261 571 355 342 326
10
912115864 622071694 406657739 9501360 37200611 177871636 365580796 719477924 468939255 991251236
10
4386 2946 1289 4172 2072 297 2160 307 4155 1756
10
880 384 273 75 45 66 138 311 516 954
10
472820384 888248950 475639122 700181841 837335805 68787310 795542404 460672024 183283912 215467611
10
4916612 963933543 551991326 895966765 395490432 197270904 648251582 212885725 553329179 4072878
8
764 593 388 222 318 551 605 820
9
9980 2547 1031 4967 5917 3537 7577 7722 206
5
853929297 24352274 755348740 18090954 402230640
10
806 661 284 252 73 182 260 526 702 921
4
987525915 152591940 670847595 55365455
5
877 265 151 157 507
8
592 329 280 36 41 300 379 854
3
598270009 467439018 480316253
10
248322794 805276535 829242351 124814366 963137402 849661387 929752181 104557861 618823808 213849416
9
108 138 286 933 828 627 607 491 480
8
5589 397 137 785 4665 8046 2219 1651
10
5832 2367 4472 2246 6828 4478 1587 5003 6947 5682
5
936708814 515681858 835495798 850937680 203632838
4
2727386 3164456 3003588 3002072
7
142 278 328 713 819 952 913
8
6530 51 423 9938 8129 4099 3295 8554
10
8347 4415 9798 1404 4515 3512 7440 3845 5118 7224
3
21743250 375418744 285224000
10
901 738 329 258 91 251 326 729 775 911
3
996517454 338270625 472638749
10
758 472 219 63 35 56 87 244 505 967
3
139 727 232
8
8883 8909 1676 6589 2396 8613 7240 4936
10
9683361 932751 9396572 7549505 5051274 6133384 7962010 3761113 5926780 9760366
9
6709 3417 422 3989 9850 3658 987 3377 7941
6
35430939 599602353 775541505 300210267 908674275 917841443
9
804 666 621 308 198 304 468 640 768
6
396 232 194 214 348 488
10
3504 8960 6444 4128 9609 7917 7412 1389 6046 9977
3
954362221 258629905 610908533
9
9831 2212 9972 7878 6237 95 8075 2433 4008
9
5658 89 154 25 5353 3173 4228 1294 9108
9
9780 6017 789 5047 4827 5137 315 3463 1494
3
766 199 544
9
9262 2748 7217 493 6859 3869 2 7364 15
7
803 457 335 238 134 87 10
9
9683 47 794 9560 9139 7661 7005 5023 4267
8
4020139 1533481 5088543 661309 9614699 5280393 3479072 7360594
10
759 575 462 384 119 253 409 468 581 863
10
779 591 251 182 5 107 201 378 710 791
10
197531396 240624893 572728127 456775147 281647545 857619771 723828009 497650979 146457920 730773887
