100
37 455 4
12 43 14 311
5 169 6 296
5 29 30 37
11 418 23 448
26 60 8
8 35 10 54
1 8 7 17
20 19 22 47
0 25 11 28
15 23 17 40
2 29 4 51
8 7 24 13
11 42 18 42
50 43 1
9 3 22 18
63 386 1
0 40 62 93
100 500 10
0 1 84 2
19 3 99 4
0 7 72 9
25 11 99 12
0 15 54 17
35 19 99 21
0 22 74 22
13 25 99 27
0 28 85 30
32 31 99 32
94 290 10
0 46 15 46
30 46 45 46
79 46 93 46
18 94 80 94
0 142 15 142
26 142 41 142
79 142 93 142
14 190 76 190
0 238 15 238
18 238 33 238
15 441 0
100 500 10
18 319 68 448
41 8 97 290
67 296 85 312
36 60 38 261
7 192 18 304
1 25 5 468
22 68 30 139
22 468 67 478
59 459 95 460
6 14 17 17
28 104 3
1 44 20 88
21 46 26 46
2 92 22 97
10 10 10
9 0 9 0
4 1 4 1
2 2 2 2
3 3 3 3
1 4 1 4
7 5 7 5
6 6 6 6
5 7 5 7
0 8 0 8
8 9 8 9
56 197 1
0 148 55 195
95 453 3
4 407 6 432
55 150 78 288
62 33 77 58
66 372 7
25 114 39 149
61 146 65 319
13 262 37 338
29 55 32 90
39 210 54 318
15 0 56 30
8 93 10 320
97 474 6
23 95 64 322
7 148 16 420
8 451 67 463
36 439 69 447
93 266 95 424
85 17 94 22
58 326 10
0 50 9 50
11 50 20 50
49 50 57 50
10 104 48 104
0 158 9 158
13 158 22 158
49 158 57 158
7 212 45 212
0 266 9 266
14 266 23 266
25 424 6
18 89 22 198
0 210 6 269
9 362 11 378
10 71 14 326
3 42 18 43
15 218 21 414
100 500 10
13 312 26 444
45 58 76 360
0 329 8 484
27 399 39 483
2 3 95 55
24 170 35 255
76 417 96 491
52 387 52 472
73 421 74 446
83 163 97 390
14 285 1
0 11 13 257
52 89 6
14 47 16 79
9 84 48 85
26 8 45 59
6 17 13 82
0 5 25 12
17 60 28 72
85 67 0
70 459 10
0 147 20 409
21 147 30 427
31 290 47 427
48 290 57 454
58 99 62 454
63 99 64 180
65 180 65 316
66 184 66 316
67 54 68 184
69 54 69 318
100 500 10
21 108 73 282
45 298 98 447
67 61 95 76
18 406 32 412
3 38 17 406
12 0 32 27
80 218 82 295
91 178 94 289
82 109 86 134
87 127 90 210
90 59 7
6 49 66 57
22 1 36 35
40 20 87 34
51 36 70 44
11 21 12 31
80 7 87 9
39 48 40 48
83 247 1
5 40 68 53
38 361 4
0 222 11 275
12 222 24 286
25 222 27 286
28 286 37 326
7 53 8
0 11 6 29
4 44 6 48
2 38 2 52
2 2 2 4
4 8 6 10
6 36 6 37
5 33 5 34
0 34 0 43
93 356 10
47 192 69 269
6 227 31 276
47 306 82 318
1 113 24 204
47 50 48 60
23 51 37 71
45 167 66 188
56 270 64 294
56 75 57 110
30 103 32 109
69 287 5
1 31 15 46
23 226 54 226
22 10 40 14
7 51 45 168
63 106 64 125
3 15 3
1 3 2 5
0 7 1 8
0 0 2 1
100 500 10
20 359 76 450
70 184 87 262
20 65 60 257
0 13 9 316
37 15 73 23
11 112 15 257
77 292 97 471
57 313 74 329
23 313 53 322
30 40 64 41
91 439 8
0 36 44 304
45 36 49 226
50 226 76 307
77 226 80 437
81 5 86 437
87 150 87 437
88 21 89 437
90 21 90 406
100 500 10
0 1 63 2
45 5 99 6
0 8 51 9
7 10 99 11
0 12 66 12
34 15 99 16
0 19 80 20
45 22 99 23
0 24 55 25
4 27 99 27
68 339 10
0 53 11 53
22 53 33 53
57 53 67 53
9 109 54 109
0 165 11 165
13 165 24 165
57 165 67 165
10 221 55 221
0 277 11 277
13 277 24 277
100 500 10
9 39 62 132
30 152 98 264
6 265 65 418
65 32 74 128
6 135 9 224
21 170 27 253
19 473 50 497
3 435 73 455
53 133 65 134
84 270 94 392
94 264 6
28 21 78 82
5 229 37 253
2 147 18 167
51 99 55 123
45 174 74 232
67 88 77 104
10 10 10
7 0 7 0
5 1 5 1
3 2 3 2
0 3 0 3
8 4 8 4
9 5 9 5
6 6 6 6
1 7 1 7
2 8 2 8
4 9 4 9
71 453 7
3 227 44 424
33 26 56 46
53 202 59 312
39 99 47 140
60 69 69 120
12 96 14 213
24 143 25 181
36 62 10
2 9 20 17
8 20 28 41
11 51 15 58
6 42 32 48
3 43 4 53
32 56 34 58
27 2 31 10
31 35 31 41
0 24 6 31
3 0 7 7
77 361 5
27 124 69 318
9 6 15 95
3 148 4 333
18 233 25 348
13 316 14 333
80 310 9
12 102 54 231
3 8 16 23
65 1 69 101
9 179 10 264
1 56 22 80
20 248 76 277
46 304 69 309
45 35 48 45
32 46 52 74
55 283 10
0 46 9 46
15 46 24 46
46 46 54 46
6 93 42 93
0 140 9 140
18 140 27 140
46 140 54 140
10 187 46 187
0 234 9 234
10 234 19 234
100 500 10
55 28 91 470
10 23 53 451
1 154 6 286
11 488 19 494
57 19 65 27
4 400 5 497
21 466 41 496
66 2 75 18
92 133 94 312
4 19 7 104
44 190 4
33 11 42 178
12 45 22 128
28 107 31 164
4 106 8 170
42 364 2
28 162 40 253
1 19 1 86
74 316 10
7 172 57 279
62 56 72 124
6 3 28 45
49 285 58 293
17 57 22 164
38 137 55 149
55 158 71 169
4 86 11 130
24 163 38 163
39 40 41 89
100 500 10
7 107 16 182
19 39 92 366
3 492 90 499
71 388 75 421
91 391 97 408
13 454 64 481
3 27 67 35
3 247 12 480
30 397 59 439
94 444 98 487
13 70 8
10 15 11 19
1 10 8 22
4 55 5 65
0 0 9 2
2 25 5 43
1 24 1 61
8 34 9 39
6 54 9 68
7 22 2
0 7 1 18
2 1 6 7
100 500 10
16 99 32 203
58 289 83 428
41 266 72 280
5 356 39 401
43 128 88 155
81 208 83 259
45 189 69 236
6 281 14 351
43 58 46 88
94 61 96 400
83 305 9
26 83 37 145
16 167 30 271
26 8 41 25
11 23 24 51
54 52 61 98
45 115 49 221
46 38 50 67
33 261 78 286
7 30 9 101
100 500 10
0 1 63 2
17 3 99 4
0 6 91 7
11 8 99 9
0 11 68 12
12 15 99 17
0 18 75 18
18 20 99 20
0 22 58 24
29 26 99 26
73 373 10
0 60 12 60
14 60 26 60
61 60 72 60
14 122 62 122
0 184 12 184
20 184 32 184
61 184 72 184
12 246 60 246
0 308 12 308
15 308 27 308
66 482 10
0 79 11 79
13 79 24 79
55 79 65 79
11 159 55 159
0 239 11 239
13 239 24 239
55 239 65 239
13 319 57 319
0 399 11 399
16 399 27 399
72 346 1
0 59 71 127
100 500 10
16 109 46 346
93 233 99 486
10 327 13 362
48 43 51 325
55 34 56 101
56 164 74 402
21 429 42 443
16 17 84 26
19 416 73 424
79 291 90 359
90 295 9
5 43 25 117
47 30 81 184
18 157 23 261
37 206 46 278
28 59 32 204
13 26 42 29
73 196 80 248
64 197 70 200
37 46 46 80
78 410 10
0 68 13 68
24 68 37 68
65 68 77 68
13 136 65 136
0 204 13 204
16 204 29 204
65 204 77 204
15 272 67 272
0 340 13 340
14 340 27 340
100 500 0
100 500 10
7 46 37 359
46 75 61 335
68 20 81 97
82 350 90 419
63 123 75 428
19 378 57 397
12 413 42 468
40 209 40 221
89 75 89 252
0 0 24 45
100 500 10
31 282 97 312
24 437 67 463
20 39 83 145
69 385 88 447
7 241 88 268
8 359 24 376
26 274 33 277
26 193 88 205
64 353 67 427
22 166 96 174
68 93 10
2 55 49 88
54 17 61 59
3 48 20 48
0 1 52 22
4 42 26 46
18 26 24 32
52 71 65 90
33 35 40 44
18 49 45 52
8 39 19 41
44 118 1
0 25 43 54
100 500 10
1 427 56 471
12 298 37 409
3 144 77 200
6 45 11 57
60 111 79 139
78 238 98 257
22 77 34 94
74 428 92 467
50 327 98 406
44 74 60 79
9 293 3
5 168 6 205
3 2 5 73
0 130 2 143
100 500 10
14 117 33 212
58 155 81 208
21 236 86 447
44 196 48 211
8 82 12 303
64 19 72 152
18 479 77 490
95 230 96 479
53 455 63 456
76 3 77 98
59 436 2
15 84 43 95
6 363 48 414
100 500 10
0 1 64 1
27 3 99 5
0 6 58 6
17 8 99 8
0 9 51 11
21 14 99 14
0 16 51 17
2 19 99 19
0 22 90 22
8 24 99 26
90 183 1
0 50 89 70
76 379 10
0 59 12 59
20 59 32 59
64 59 75 59
15 122 65 122
0 185 12 185
24 185 36 185
64 185 75 185
9 248 59 248
0 311 12 311
20 311 32 311
53 429 9
13 0 14 178
18 19 40 105
24 131 44 309
3 100 10 370
31 320 45 380
16 175 22 252
15 265 16 355
34 393 43 417
23 1 25 8
100 500 10
29 25 91 295
13 104 25 210
64 352 97 450
26 340 60 393
1 164 10 460
35 455 37 457
11 329 22 374
45 469 88 475
40 5 83 6
12 484 15 494
16 8 4
0 5 9 6
10 5 12 6
13 0 14 6
15 0 15 7
28 24 10
5 13 20 19
8 0 24 10
1 21 16 23
1 7 2 10
27 11 27 13
8 12 21 12
21 14 23 17
25 9 26 11
5 1 7 11
5 20 23 20
53 75 9
47 20 48 57
18 35 40 53
35 9 52 13
13 28 23 32
19 1 50 5
4 38 13 46
9 9 33 19
24 54 33 66
29 71 36 73
32 64 1
0 25 31 54
66 311 10
0 49 11 49
15 49 26 49
55 49 65 49
9 100 53 100
0 151 11 151
19 151 30 151
55 151 65 151
9 202 53 202
0 253 11 253
21 253 32 253
35 244 5
0 121 1 148
2 148 24 173
25 72 27 173
28 72 32 197
33 45 34 72
13 498 5
7 4 9 108
10 344 12 355
2 123 5 210
8 129 10 202
10 388 12 439
24 299 0
71 78 8
41 28 46 70
52 27 67 69
17 9 56 16
13 44 15 71
42 71 68 77
0 9 12 15
32 32 32 36
17 57 27 75
10 10 10
3 0 3 0
6 1 6 1
8 2 8 2
0 3 0 3
2 4 2 4
9 5 9 5
5 6 5 6
1 7 1 7
4 8 4 8
7 9 7 9
67 381 10
0 63 11 63
15 63 26 63
56 63 66 63
9 126 53 126
0 189 11 189
12 189 23 189
56 189 66 189
10 252 54 252
0 315 11 315
15 315 26 315
100 500 10
45 44 98 47
94 401 98 424
71 153 83 254
29 68 43 347
7 228 16 398
48 161 59 293
53 394 73 398
85 152 89 383
6 17 14 65
54 49 88 72
10 10 10
8 0 8 0
2 1 2 1
6 2 6 2
0 3 0 3
5 4 5 4
7 5 7 5
3 6 3 6
1 7 1 7
4 8 4 8
9 9 9 9
14 321 10
8 47 10 234
3 155 7 289
8 252 13 297
6 24 8 43
0 14 0 212
11 154 11 241
2 137 2 279
2 69 5 111
0 292 3 306
13 65 13 162
46 465 1
0 211 45 448
10 10 10
1 0 1 0
7 1 7 1
6 2 6 2
3 3 3 3
8 4 8 4
2 5 2 5
9 6 9 6
0 7 0 7
5 8 5 8
4 9 4 9
100 500 10
69 316 70 390
0 109 94 194
20 198 28 496
36 291 51 431
5 19 45 106
46 235 81 258
70 447 81 471
57 26 69 35
10 285 15 315
6 3 48 11
81 458 9
14 283 66 414
27 226 54 265
4 402 12 426
17 92 37 200
72 104 74 257
76 75 77 360
9 171 9 290
20 42 40 59
70 316 75 344
43 283 9
9 79 29 176
3 112 4 181
33 21 40 121
32 154 33 202
41 143 42 247
5 4 18 43
19 232 22 257
23 57 30 78
1 237 4 256
31 89 4
30 15 30 23
23 46 29 48
9 34 22 42
2 40 8 87
35 113 6
0 68 1 82
2 48 28 68
29 21 30 68
31 21 31 42
32 42 33 68
34 34 34 42
67 408 10
0 68 11 68
20 68 31 68
56 68 66 68
10 136 54 136
0 204 11 204
16 204 27 204
56 204 66 204
13 272 57 272
0 340 11 340
19 340 30 340
31 407 1
0 227 30 261
100 500 10
2 410 69 478
3 261 34 380
60 205 75 391
31 8 43 30
57 8 86 184
23 46 52 87
7 125 46 237
80 349 84 470
87 288 93 402
97 71 98 456
3 172 5
0 7 2 147
0 154 0 163
1 162 1 165
2 158 2 164
0 150 2 151
60 290 1
0 101 59 192
93 385 10
0 61 15 61
20 61 35 61
78 61 92 61
17 125 79 125
0 189 15 189
26 189 41 189
78 189 92 189
16 253 78 253
0 317 15 317
24 317 39 317
78 312 10
0 52 13 52
26 52 39 52
65 52 77 52
8 104 60 104
0 156 13 156
24 156 37 156
65 156 77 156
9 208 61 208
0 260 13 260
16 260 29 260
6 453 10
1 74 1 78
0 93 0 106
2 41 4 157
5 393 5 451
1 389 4 431
0 223 5 255
1 259 4 365
5 283 5 389
1 163 5 192
5 32 5 142
